2.880864332409307504e-01 -3.525164380256106678e-01 -7.612783466834576185e-01 1.722987131411195305e+00 5.045534947392771308e-01 4.364460519669688954e-01 -5.900733200574780346e-01 -1.101625014169224093e+00 6.719771897939466054e-01 1.280304603197280011e+00
1.464474356354671380e+00 5.634147107474856558e-02 2.723765525097313622e-01 5.414721421348932529e-01 1.209126825422633500e+00 4.752672091185529135e-01 1.294067693872937630e+00 -5.599582550346909882e-01 -5.553517659708608889e-01 -1.113491299410797719e+00
4.619161146902629467e-01 4.132508842538078486e-01 9.132139352338599636e-01 4.765519377592001282e-01 4.786621197313420395e-01 -6.923871306957080085e-01 7.667134573065564895e-01 -3.143707635516382881e-01 -1.977008469873654972e+00 8.834305409647511542e-01
-1.463608231411189120e+00 3.678132369886077946e-02 -8.151224710790108130e-01 2.111394922721389289e+00 1.966306343239191845e+00 2.077951282822451395e-01 -8.120592618226866177e-01 5.989051253340207243e-02 8.181516666092175649e-01 1.739820945555366594e+00
-7.321290652425079815e-01 3.571748554616690496e-01 7.096961606133832534e-01 -7.159995424992624535e-01 -6.778104780782266969e-01 -6.134516939540196612e-01 9.327656288759816894e-01 -4.445928736163855532e-01 1.373970200577671719e+00 -2.234052329628810341e-01
2.438878406081316008e+00 -6.143797957849446156e-01 1.570687748110493054e+00 2.155179452510824323e+00 -2.854696429193255280e-01 -6.128916650853428738e-01 3.138757582496301546e-01 -1.152454687521327736e+00 -1.418473548229107095e+00 -2.776093342816120302e+00
1.732059000683562333e+00 -6.378215128197406436e-01 6.036793187011870732e-01 -1.135828948944062750e-01 -1.416022161958450765e+00 4.310892762507924081e-01 -7.736331337043392820e-01 -2.173955153433189569e+00 -1.005285826729519050e+00 1.633174628600865819e-01
-4.988621665765640145e-01 1.863816305228980230e+00 9.131060599403592049e-01 1.219351636147168350e+00 1.222114133341008158e+00 4.022560740033300219e-01 -2.390332112873016224e-01 -1.064195673460116565e+00 2.635064912472990240e-01 9.416172346134520088e-02
1.387127289179418632e+00 2.316383261479430106e-02 3.677368375063662098e-01 -2.715258270442929001e-01 1.635821498011008068e-01 -1.088422924581426698e-01 5.569389814069625189e-01 3.684938061158212208e-01 -2.715263263941601959e-02 -4.234402396581693484e-01
-1.505359808781989051e+00 1.418690539469446454e+00 1.429436944540116161e-01 -1.111660886180238172e+00 7.849614948528372826e-01 6.753569148363784969e-01 -5.995110442522629812e-01 4.959954206088070250e-01 -8.159828535138884398e-01 -2.119079913396378079e-01
